196,288
-0.662109375, -3.677734375,76.8519631410256,184.281386653051
-3.26171875, -4.640625,-89.7896634615385,246.006331090822
-3.365234375, -4.24609375,-96.4252804487179,220.715380225853
-1.8955078125, -4.375,-2.21203926282052,228.978760211437
-3.240234375, -3.392578125,-88.4124599358974,166.001788503123
-1.9189453125, -4.3828125,-3.71444310897436,229.479571119654
318,127
-2.65234375, -3.23828125,-50.7271634615385,156.110773065834
-0.9189453125, -2.888671875,60.3881209935897,133.699484923114
-1.53125, -4.53515625,21.1378205128205,239.245383829889
-2.271484375, -4.8515625,-26.3131009615385,259.528225612686
-2.9453125, -2.541015625,-69.5072115384615,111.413399507448
-3.201171875, -4.34765625,-85.908453525641,227.225922032677
197,507
-2.369140625, -4.046875,-32.5731169871795,207.944702066314
-2.84765625, -2.908203125,-63.2471955128205,134.951512193657
0.021759033203125, -3.73046875,120.689681615585,187.661860283518
-0.464111328125, -2.5078125,89.5441456330128,109.284953147525
-0.607421875, -2.283203125,80.3575721153846,94.8866395362806
-1.7216796875, -3.15234375,8.93078926282051,150.601853075444
189,348
-1.560546875, -3.236328125,19.2598157051282,155.985570338779
-1.5166015625, -4.12109375,22.0768229166667,212.702405694378
-1.986328125, -3.46484375,-8.03385416666667,170.634289404133
-1.4794921875, -3.59375,24.4556290064103,178.897669389716
-2.501953125, -3.591796875,-41.0867387820513,178.772466662662
-2.515625, -4.1796875,-41.963141025641,216.458487506007
-2.1953125, -3.828125,-21.4302884615385,193.921996636233
-2.251953125, -3.134765625,-25.0610977564103,149.475028531956
331,360
0.34765625, -4.18359375,141.580528846154,216.708892960115
0.09234619140625, -3.958984375,125.214499449119,202.310579348871
1.0869140625, -3.41796875,188.968850160256,167.629423954829
-4.3125, -4.328125,-157.147435897436,225.973894762134
-1.134765625, -3.041015625,46.5534855769231,143.465297633349
362,256
-3.14453125, -4.2890625,-82.2776442307692,223.469840221048
-3.322265625, -4.34765625,-93.6708733974359,227.225922032677
-2.533203125, -4.09375,-43.0899439102564,210.949567515617
-2.55078125, -4.27734375,-44.2167467948718,222.718623858722
-2.451171875, -4.53125,-37.8315304487179,238.994978375781
-4.0546875, -4.3359375,-140.620993589744,226.474705670351
38,103
-0.82568359375, -3.271484375,66.3664362980769,158.239219425757
278,356
-1.0849609375, -5.43359375,49.74609375,296.838638274868
-2.40234375, -4.3125,-34.7015224358974,224.972272945699
-1.2734375, -3.69921875,37.6642628205128,185.658616650649
-2.791015625, -3.212890625,-59.6163862179487,154.483137614128
-2.623046875, -3.1640625,-48.8491586538462,151.35306943777
-1.783203125, -4.22265625,4.98697916666666,219.212947501201
26,288
-2.701171875, -4.69140625,-53.857171474359,249.261601994234
-3.330078125, -4.6171875,-94.1716746794872,244.50389836617
-1.7958984375, -3.642578125,4.17317708333333,182.027737566074
0.59033203125, -4.61328125,157.136668669872,244.253492912061
1.2353515625, -3.943359375,198.484074519231,201.308957532436
1.3134765625, -3.21484375,203.492087339744,154.608340341182
93,389
-3.970703125, -3.697265625,-135.237379807692,185.533413923594
-2.41015625, -4.2265625,-35.2023237179487,219.46335295531
