358,297
-2.62890625, -3.939453125,-49.2247596153846,201.058552078328
-3.876953125, -3.185546875,-129.227764423077,152.730299435368
-3.734375, -3.859375,-120.088141025641,195.925240269101
-3.71484375, -3.646484375,-118.836137820513,182.278143020183
-2.01953125, -4.28515625,-10.1622596153846,223.219434766939
-2.68359375, -4.3203125,-52.7303685897436,225.473083853916
-2.841796875, -3.953125,-62.8715945512821,201.934971167708
-2.9375, -3.751953125,-69.0064102564103,189.039090281115
-2.541015625, -3.853515625,-43.5907451923077,195.549632087938
34,206
-3.439453125, -4.08203125,-101.182892628205,210.198351153292
-2.7890625, -4.08203125,-59.4911858974359,210.198351153292
1.6923828125, -5.52734375,227.780949519231,302.848369173474
2.208984375, -4.74609375,260.896434294872,252.767278351754
1.859375, -4.27734375,238.485576923077,222.718623858722
1.9130859375, -4.39453125,241.928585737179,230.23078748198
1.9697265625, -4.2109375,245.559395032051,218.461731138876
1.953125, -4.5078125,244.495192307692,237.492545651129
244,567
0.49462890625, -5.34765625,151.001852964744,291.329718284479
1.6279296875, -5.859375,223.649338942308,324.132832772705
0.92236328125, -5.796875,178.420723157051,320.126345506968
-3.84375, -4.33984375,-127.099358974359,226.725111124459
-3.51171875, -4.2265625,-105.815304487179,219.46335295531
-3.533203125, -4.41796875,-107.192508012821,231.733220206631
-3.5, -4.1640625,-105.064102564103,215.456865689572
-2.353515625, -3.921875,-31.5715144230769,199.931727534839
-3.15234375, -4.296875,-82.7784455128205,223.970651129265
340,273
-2.4609375, -3.544921875,-38.4575320512821,175.767601213359
-2.794921875, -3.84765625,-59.8667868589744,195.174023906776
-1.6455078125, -3.701171875,13.8136017628205,185.783819377703
-1.615234375, -3.337890625,15.7542067307692,162.496112145603
-1.6142578125, -3.380859375,15.8168068910256,165.250572140798
-1.5166015625, -3.421875,22.0768229166667,167.879829408938
-1.8583984375, -3.3203125,0.166766826923073,161.369287602114
-1.626953125, -3.576171875,15.0030048076923,177.770844846228
21,46
-1.0009765625, -3.6640625,55.1297075320513,183.404967563671
-1.1044921875, -3.57421875,48.4940905448718,177.645642119173
0.90673828125, -3.779296875,177.419120592949,190.791928459875
0.279296875, -2.59765625,137.198517628205,115.044278592023
-1.150390625, -2.42578125,45.5518830128205,104.026438611245
1.4462890625, -3.384765625,212.005709134615,165.500977594906
2.283203125, -3.587890625,265.654046474359,178.522061208554
1.0341796875, -3.0078125,185.58844150641,141.336851273426
160,291
-1.7236328125, -3.662109375,8.80558894230769,183.279764836617
-0.544921875, -5.02734375,84.3639823717949,270.796471047573
-0.044158935546875, -4.046875,116.464170798277,207.944702066314
1.87109375, -5.52734375,239.236778846154,302.848369173474
0.650390625, -4.78125,160.986578525641,255.020927438731
1.4228515625, -5.42578125,210.503305288462,296.337827366651
1.435546875, -5.76953125,211.317107371795,318.373507328208
1.0732421875, -5.75390625,188.092447916667,317.371885511773
354,324
-1.1396484375, -4.91015625,46.240484775641,263.284307424315
0.161865234375, -5.76171875,129.670848357372,317.87269641999
-2.525390625, -4.25390625,-42.5891426282051,221.21619113407
-2.654296875, -3.923828125,-50.8523637820513,200.056930261893
-3.09765625, -3.904296875,-79.2728365384615,198.80490299135
-2.24609375, -4.4140625,-24.6854967948718,231.482814752523
-1.966796875, -4.4140625,-6.78185096153847,231.482814752523
-2.513671875, -4.1328125,-41.8379407051282,213.453622056703
348,315
-2.25390625, -3.25,-25.1862980769231,156.86198942816
-2.958984375, -3.810546875,-70.3836137820513,192.795172092744
132,578
2.1953125, -4.66015625,260.020032051282,247.258358361365
2.396484375, -4.69140625,272.915665064103,249.261601994234
1.69921875, -4.95703125,228.219150641026,266.289172873618
1.71484375, -6.02734375,229.220753205128,334.900267299375
0.625, -6.375,159.358974358974,357.186352715041
-0.2188720703125, -5.453125,105.264610877404,298.090665545411
0.8369140625, -6.2265625,172.943209134615,347.670945458914
-0.11041259765625, -5.23046875,112.217141175881,283.817554661221
0.53955078125, -5.97265625,153.881460336538,331.394590941855
333,250
1.0595703125, -3.525390625,187.216045673077,174.515573942816
0.65380859375, -3.376953125,161.205679086538,165.000166686689
0.65283203125, -3.2890625,161.143078926282,159.366043969246
-1.9599609375, -2.603515625,-6.34364983974359,115.419886773186
-3.509765625, -3.16796875,-105.690104166667,151.603474891879
-3.119140625, -3.26171875,-80.6500400641026,157.613205790485
-3.1328125, -3.4453125,-81.5264423076923,169.38226213359
-3.248046875, -3.34765625,-88.9132612179487,163.122125780875
-1.9873046875, -3.517578125,-8.09645432692308,174.014763034599
