372,37
-4.4453125, -4.04296875,-165.661057692308,207.694296612206
-3.2578125, -3.068359375,-89.5392628205128,145.21813581211
-3.61328125, -2.83203125,-112.325721153846,130.068605838539
-4.02734375, -3.908203125,-138.868189102564,199.055308445459
-4.328125, -2.7265625,-158.149038461538,123.307658577607
272,371
-2.423828125, -4.55859375,-36.0787259615385,240.747816554541
-4.3359375, -4.96875,-158.64983974359,267.040389235944
-3.0859375, -5.27734375,-78.5216346153846,286.822420110524
-5.26953125, -3.349609375,-218.495592948718,163.247328507929
270,510
-5.43359375, -3.271484375,-229.012419871795,158.239219425757
372,138
-0.89599609375, -2.740234375,61.8592247596154,124.184077666987
-5.4375, -3.486328125,-229.262820512821,172.01151940173
145,186
-3.083984375, -4.52734375,-78.3964342948718,238.744572921672
-3.4765625, -4.22265625,-103.561698717949,219.212947501201
